{
    "BaseColor": {
        "R": 0.2752307057380676,
        "G": 0.31043916940689087,
        "B": 0.3382353186607361,
        "A": 1.0
    },
    "SpecularColor": {
        "R": 0.5,
        "G": 0.30000001192092896,
        "B": 0.5,
        "A": 1.0
    },
    "Options": 3
}